000000000094
000000000471
000000000656
000000000681
000000000690
000000000730
000000000775
000000000985
000000001315
000000001523
000000001590
000000001625
000000001720
000000001762
000000001799
000000002089
000000002639
000000002644
000000002687
000000002860
000000003125
000000003148
000000003493
000000003535
000000003602
000000003793
000000003982
000000004068
000000004080
000000004130
000000004360
000000004462
000000004471
000000004497
000000004595
000000004620
000000004762
000000004968
000000004988
000000005169
000000005174
000000005213
000000005313
000000005684
000000005755
000000005811
000000005879
000000006233
000000006262
000000006414
000000006522
000000006602
000000006701
000000006789
000000007355
000000007616
000000007726
000000008080
000000008179
000000008339
000000008341
000000008564
000000008644
000000008646
000000008836
000000008944
000000009018
000000009060
000000009353
000000009379
000000009615
000000009648
000000009845
000000009872
000000010056
000000010229
000000010540
000000010615
000000010732
000000010890
000000010920
000000010936
000000011004
000000011138
000000011402
000000011538
000000011569
000000011631
000000011690
000000011838
000000011887
000000012014
000000012108
000000012109
000000012155
000000012233
000000012238
000000012283
000000012343
000000012726
000000012744
000000012892
000000013198
000000013274
000000013489
000000013944
000000014027
000000014278
000000014388
000000014484
000000014886
000000015157
000000015276
000000015346
000000015379
000000015400
000000015409
000000015596
000000015667
000000015816
000000015827
000000016027
000000016039
000000016076
000000016113
000000016346
000000016364
000000016466
000000016496
000000016805
000000016935
000000017073
000000017183
000000017244
000000017311
000000017472
000000017683
000000017751
000000017859
000000018046
000000018099
000000018214
000000018309
000000018424
000000018439
000000018462
000000018627
000000018661
000000018882
000000018956
000000019025
000000019047
000000019085
000000019087
000000019158
000000019185
000000019202
000000019413
000000019451
000000019499
000000019532
000000019631
000000019828
000000019874
000000019932
000000020182
000000020255
000000020273
000000020391
000000020398
000000020434
000000020515
000000020549
000000020777
000000020979
000000021089
000000021136
000000021202
000000021222
000000021253
000000021269
000000021330
000000021343
000000021374
000000021459
000000021632
000000021644
000000021782
000000021811
000000021964
000000021981
000000022032
000000022167
000000022229
000000022274
000000022355
000000022440
000000022671
000000022741
000000022806
000000023019
000000023024
000000023066
000000023089
000000023096
000000023107
000000023253
000000023274
000000023361
000000023369
000000023741
000000023821
000000023874
000000024042
000000024195
000000024221
000000024259
000000024343
000000024403
000000024434
000000024489
000000024522
000000024600
000000024608
000000024629
000000024693
000000024769
000000024779
000000024782
000000025283
000000025853
000000025864
000000026017
000000026025
000000026209
000000026274
000000026320
000000026497
000000026609
000000026731
000000026879
000000026895
000000026943
000000026953
000000027163
000000027246
000000027511
000000027660
000000027755
000000027756
000000027764
000000027796
000000027942
000000027975
000000028071
000000028230
000000028231
000000028293
000000028675
000000028853
000000029155
000000029252
000000029402
000000029776
000000029913
000000030133
000000030328
000000030408
000000030429
000000030471
000000030484
000000030585
000000030685
000000030775
000000030787
000000030796
000000031057
000000031080
000000031339
000000031391
000000031393
000000031519
000000031588
000000031601
000000031604
000000031673
000000031711
000000031748
000000031919
000000031965
000000032190
000000032236
000000032474
000000032533
000000032648
000000032751
000000032760
000000032809
000000033068
000000033146
000000033208
000000033213
000000033358
000000033642
000000033698
000000033732
000000033815
000000033841
000000033888
000000034222
000000034246
000000034482
000000034580
000000034749
000000034820
000000034971
000000035105
000000035282
000000035322
000000035328
000000035473
000000035628
000000035814
000000035844
000000035897
000000035952
000000035972
000000036029
000000036326
000000036421
000000036548
000000036639
000000036914
000000036950
000000037181
000000037205
000000037209
000000037322
000000037779
000000037864
000000037956
000000037968
000000038097
000000038186
000000038301
000000038417
000000038465
000000038531
000000038681
000000038751
000000038808
000000038905
000000038919
000000039464
000000039468
000000039497
000000039504
000000039514
000000039542
000000039555
000000039598
000000039733
000000039779
000000039871
000000039905
000000039978
000000040129
000000040449
000000040620
000000040658
000000040689
000000040737
000000040930
000000040937
000000041054
000000041128
000000041233
000000041342
000000041397
000000041453
000000041700
000000041742
000000041763
000000042137
000000042407
000000042433
000000042441
000000042644
000000042690
000000042705
000000042763
000000042800
000000042919
000000042960
000000043202
000000043269
000000043279
000000043353
000000043724
000000043912
000000044045
000000044312
000000044341
000000044463
000000044494
000000044609
000000044718
000000044801
000000044958
000000044960
000000045026
000000045343
000000045446
000000045475
000000045481
000000045573
000000045594
000000045634
000000045923
000000045926
000000045959
000000046059
000000046077
000000046099
000000046263
000000046405
000000046563
000000046737
000000046870
000000047020
000000047204
000000047230
000000047281
000000047293
000000047346
000000047407
000000047451
000000047617
000000047687
000000048196
000000048394
000000048441
000000048571
000000048742
000000048747
000000048756
000000048784
000000049092
000000049254
000000049268
000000049283
000000049338
000000049495
000000049553
000000049586
000000049640
000000049683
000000049801
000000049881
000000049885
000000049952
000000049977
000000050124
000000050125
000000050183
000000050222
000000050238
000000050256
000000050411
000000050463
000000050576
000000050586
000000050810
000000051067
000000051076
000000051089
000000051119
000000051167
000000051310
000000051474
000000051487
000000051717
000000051887
000000052382
000000052388
000000052461
000000052693
000000052747
000000052826
000000052849
000000052871
000000052952
000000053335
000000053374
000000053595
000000053956
000000054086
000000054254
000000054345
000000054448
000000054614
000000054966
000000055053
000000055315
000000055768
000000055882
000000056033
000000056132
000000056413
000000056549
000000056580
000000056605
000000056641
000000057006
000000057018
000000057068
000000057071
000000057088
000000057095
000000057323
000000057381
000000057617
000000057770
000000057828
000000057868
000000057879
000000058057
000000058089
000000058123
000000058633
000000058701
000000058735
000000058930
000000059106
000000059114
000000059142
000000059207
000000059278
000000059318
000000059384
000000059527
000000059641
000000059732
000000059817
000000059892
000000059971
000000060018
000000060034
000000060093
000000060128
000000060182
000000060324
000000060327
000000060362
000000060532
000000060610
000000060671
000000060677
000000060890
000000061076
000000061181
000000061732
000000061938
000000061945
000000061992
000000062057
000000062193
000000062200
000000062251
000000062337
000000062387
000000062412
000000062477
000000062661
000000062772
000000062815
000000062880
000000063035
000000063049
000000063079
000000063328
000000063330
000000063626
000000063888
000000064086
000000064089
000000064170
000000064240
000000064324
000000064390
000000064411
000000064562
000000064723
000000064738
000000064744
000000064953
000000065001
000000065028
000000065139
000000065197
000000065306
000000065567
000000065594
000000065643
000000065891
000000065924
000000066082
000000066127
000000066144
000000066283
000000066297
000000066459
000000066574
000000066662
000000066789
000000066839
000000067208
000000067255
000000067439
000000067463
000000067490
000000067515
000000067623
000000067757
000000067956
000000068125
000000068152
000000068176
000000068520
000000068532
000000068572
000000068595
000000068764
000000068789
000000068958
000000069117
000000069136
000000069366
000000069391
000000069583
000000069798
000000069827
000000069977
000000069978
000000070104
000000070265
000000070294
000000070444
000000070861
000000071215
000000071384
000000071409
000000071499
000000071552
000000071883
000000072124
000000072133
000000072263
000000072338
000000072430
000000072550
000000072580
000000072606
000000072612
000000072740
000000072843
000000072998
000000073109
000000073154
000000073163
000000073189
000000073235
000000073276
000000073348
000000073445
000000073510
000000073541
000000073661
000000073974
000000074099
000000074100
000000074159
000000074179
000000074217
000000074411
000000074421
000000074466
000000074544
000000074984
000000075174
000000075299
000000075427
000000075474
000000075496
000000075557
000000075600
000000075668
000000075723
000000075990
000000076014
000000076028
000000076117
000000076257
000000076493
000000076571
000000076595
000000077055
000000077160
000000077308
000000077360
000000077383
000000077615
000000077628
000000077643
000000077792
000000077899
000000077924
000000078023
000000078056
000000078075
000000078113
000000078286
000000078314
000000078410
000000078425
000000078465
000000078572
000000078575
000000078813
000000078982
000000079069
000000079191
000000079230
000000079268
000000079303
000000079654
000000079733
000000079955
000000080341
000000080389
000000080431
000000080686
000000080792
000000080928
000000081054
000000081102
000000081206
000000081317
000000081416
000000081622
000000081819
000000082005
000000082338
000000082565
000000082787
000000082800
000000082873
000000083029
000000083033
000000083125
000000083219
000000083260
000000083407
000000083464
000000083600
000000083953
000000084123
000000084499
000000084592
000000084821
000000085225
000000085353
000000085397
000000085562
000000085625
000000085685
000000085700
000000085827
000000085913
000000086020
000000086210
000000086217
000000086317
000000086452
000000086777
000000086901
000000086927
000000087135
000000087216
000000087272
000000087356
000000087419
000000087429
000000087435
000000087443
000000087671
000000087705
000000087743
000000087845
000000087912
000000087980
000000088165
000000088332
000000088487
000000088513
000000088835
000000088931
000000089115
000000089126
000000089203
000000089329
000000089500
000000089571
000000089787
000000089877
000000090154
000000090218
000000090232
000000090278
000000090307
000000090343
000000090351
000000090373
000000090442
000000090738
000000090804
000000090843
000000091188
000000091288
000000091536
000000091821
000000091909
000000091917
000000092006
000000092088
000000092205
000000092336
000000092402
000000092904
000000093098
000000093232
000000093262
000000093791
000000093803
000000093953
000000093964
000000094015
000000094145
000000094156
000000094319
000000094416
000000094439
000000094610
000000095061
000000095063
000000095227
000000095243
000000095266
000000095267
000000095283
000000095326
000000095371
000000095518
000000095520
000000095902
000000096207
000000096315
000000096339
000000096512
000000096557
000000096826
000000096894
000000096946
000000096969
000000097131
000000097194
000000097213
000000097363
000000097367
000000097434
000000097733
000000097777
000000097868
000000097871
000000097892
000000097899
000000097951
000000098038
000000098043
000000098279
000000098290
000000098390
000000098471
000000098502
000000098989
000000099025
000000099046
000000099063
000000099129
000000099186
000000099402
000000099536
000000099540
000000099567
000000099584
000000099888
000000099893
000000099908
000000100138
000000100503
000000100506
000000100594
000000100901
000000101013
000000101033
000000101110
000000101159
000000101180
000000101643
000000101656
000000101749
000000101752
000000101753
000000101826
000000102037
000000102306
000000102307
000000102377
000000102387
000000102400
000000102497
000000102668
000000102771
000000102851
000000102906
000000102930
000000102974
000000103035
000000103163
000000103393
000000103498
000000103791
000000103817
000000103967
000000104249
000000104381
000000104443
000000104550
000000104556
000000104559
000000104626
000000104734
000000104811
000000104965
000000105252
000000105363
000000105522
000000105688
000000106033
000000106072
000000106216
000000106241
000000106335
000000106375
000000106382
000000106397
000000106419
000000106508
000000106688
000000106722
000000106739
000000106794
000000107244
000000107313
000000107357
000000107678
000000107745
000000107797
000000107840
000000107939
000000107960
000000108049
000000108094
000000108112
000000108156
000000108240
000000108321
000000108500
000000108531
000000108541
000000108769
000000108835
000000108896
000000109012
000000109046
000000109340
000000109640
000000109939
000000110081
000000110251
000000110357
000000110460
000000110634
000000110658
000000110724
000000110740
000000111010
000000111330
000000111388
000000111406
000000111546
000000111547
000000111604
000000111619
000000111768
000000111801
000000112377
000000112562
000000112702
000000112739
000000112757
000000112841
000000113251
000000113259
000000113504
000000113521
000000113559
000000113672
000000113914
000000113935
000000114068
000000114087
000000114101
000000114144
000000114204
000000114348
000000114353
000000114500
000000114844
000000114855
000000115003
000000115089
000000115151
000000115222
000000115229
000000115314
000000115400
000000115422
000000115502
000000115718
000000115864
000000115954
000000115967
000000116004
000000116229
000000116455
000000116462
000000116592
000000116607
000000116650
000000116652
000000116667
000000116694
000000116712
000000116732
000000116740
000000116783
000000117059
000000117060
000000117157
000000117380
000000117413
000000117497
000000117514
000000117639
000000117922
000000117961
000000118081
000000118404
000000118590
000000118644
000000119016
000000119124
000000119141
000000119357
000000119404
000000119423
000000119441
000000119449
000000119535
000000119666
000000119748
000000120207
000000120224
000000120340
000000120645
000000120718
000000120759
000000120790
000000120952
000000121235
000000121448
000000121454
000000121572
000000121663
000000121869
000000121903
000000121997
000000122142
000000122314
000000122343
000000122354
000000122460
000000122539
000000122583
000000122834
000000122867
000000122902
000000122973
000000123469
000000123552
000000123639
000000123749
000000123770
000000123777
000000123862
000000123909
000000124102
000000124128
000000124297
000000124306
000000124466
000000124734
000000124756
000000124952
000000124991
000000125168
000000125180
000000125184
000000125466
000000125524
000000125658
000000125662
000000125684
000000125699
000000125720
000000125735
000000125829
000000125859
000000125860
000000126020
000000126260
000000126305
000000126483
000000126606
000000126657
000000126907
000000127100
000000127119
000000127202
000000127454
000000127520
000000127751
000000127823
000000127997
000000128034
000000128168
000000128320
000000128351
000000128468
000000128503
000000128553
000000128709
000000128833
000000128939
000000128974
000000129143
000000129490
000000129547
000000129800
000000129801
000000129925
000000129957
000000129977
000000130053
000000130228
000000130286
000000130366
000000130402
000000130553
000000130564
000000130592
000000130645
000000130897
000000130908
000000131031
000000131170
000000131449
000000131494
000000131579
000000131621
000000131911
000000131952
000000131969
000000132084
000000132189
000000132210
000000132394
000000132503
000000132621
000000132778
000000132944
000000132982
000000133048
000000133104
000000133145
000000133503
000000133505
000000133619
000000133827
000000133908
000000133923
000000133999
000000134255
000000134302
000000134383
000000134537
000000134620
000000134657
000000134770
000000135023
000000135122
000000135267
000000135345
000000135372
000000135412
000000135463
000000136015
000000136217
000000136343
000000136369
000000136652
000000136732
000000136833
000000136900
000000136943
000000137369
000000137382
000000137452
000000137491
000000137586
000000137612
000000137748
000000137778
000000137810
000000138290
000000138413
000000138434
000000138768
000000138807
000000138896
000000139345
000000139390
000000139397
000000139409
000000139496
000000139549
000000139594
000000139612
000000139987
000000140006
000000140042
000000140073
000000140100
000000140236
000000140312
000000140351
000000140585
000000140630
000000140651
000000140783
000000141181
000000141304
000000141352
000000141566
000000141603
000000141692
000000141850
000000142034
000000142129
000000142187
000000142207
000000142257
000000142263
000000142537
000000142674
000000142718
000000142774
000000142822
000000143089
000000143231
000000143401
000000143507
000000143582
000000143655
000000143699
000000143737
000000143749
000000143870
000000143908
000000144089
000000144130
000000144227
000000144298
000000144453
000000144497
000000144597
000000144795
000000144994
000000145061
000000145153
000000145411
000000145518
000000145645
000000145791
000000145854
000000145873
000000145989
000000145994
000000146317
000000146389
000000146401
000000146501
000000146533
000000146646
000000146656
000000146701
000000146881
000000147289
000000147300
000000147505
000000147526
000000147746
000000147758
000000147793
000000147839
000000147866
000000147930
000000148055
000000148280
000000148319
000000148398
000000148526
000000148554
000000148841
000000148871
000000149030
000000149123
000000149228
000000149364
000000149464
000000149598
000000149738
000000150049
000000150089
000000150129
000000150196
000000150267
000000150372
000000150552
000000150636
000000150908
000000150939
000000151050
000000151101
000000151112
000000151196
000000151231
000000151265
000000151267
000000151277
000000151291
000000151324
000000151334
000000151345
000000151371
000000151455
000000151499
000000151587
000000151599
000000151733
000000151842
000000151877
000000151934
000000152333
000000152354
000000152427
000000152436
000000152668
000000152689
000000152711
000000152725
000000152958
000000153031
000000153061
000000153421
000000153495
000000153666
000000153730
000000153861
000000153882
000000153987
000000154168
000000154222
000000154346
000000154515
000000154625
000000154879
000000155097
000000155216
000000155302
000000155364
000000155386
000000155488
000000155505
000000155588
000000155671
000000155739
000000155894
000000156098
000000156197
000000156370
000000156487
000000156503
000000156747
000000156812
000000156963
000000156985
000000157108
000000157199
000000157202
000000157215
000000157393
000000157465
000000157486
000000158118
000000158286
000000158485
000000158729
000000158863
000000158873
000000158906
000000158915
000000158977
000000159135
000000159175
000000159203
000000159220
000000159231
000000159320
000000159421
000000159567
000000159627
000000159707
000000159926
000000159954
000000159962
000000159987
000000160031
000000160171
000000160183
000000160311
000000160559
000000160597
000000160818
000000160910
000000161010
000000161027
000000161121
000000161202
000000161234
000000161578
000000161914
000000161930
000000162204
000000162309
000000162355
000000162358
000000162538
000000162741
000000162752
000000162908
000000163136
000000163219
000000163220
000000163457
000000163485
000000163717
000000163812
000000163897
000000163933
000000164036
000000164183
000000164372
000000164390
000000164461
000000164521
000000164522
000000164600
000000164655
000000164687
000000164694
000000165094
000000165160
000000165247
000000165298
000000165412
000000165455
000000165572
000000165852
000000165960
000000166126
000000166499
000000166503
000000166529
000000166637
000000166731
000000166874
000000166975
000000167033
000000167083
000000167166
000000167264
000000167505
000000167506
000000167634
000000167851
000000167913
000000168096
000000168234
000000168580
000000168662
000000168714
000000168795
000000168932
000000169200
000000169340
000000169360
000000169377
000000169448
000000169589
000000169712
000000169763
000000169945
000000170190
000000170232
000000170393
000000170540
000000170562
000000170629
000000170683
000000170953
000000171012
000000171155
000000171179
000000171380
000000171464
000000171678
000000171685
000000171733
000000171758
000000171806
000000171962
000000172059
000000172160
000000172171
000000172201
000000172255
000000172406
000000172498
000000172568
000000172582
000000172637
000000172743
000000172852
000000172979
000000173001
000000173080
000000173132
000000173155
000000173652
000000173759
000000173797
000000173798
000000173991
000000174043
000000174059
000000174185
000000174601
000000174771
000000174898
000000175017
000000175047
000000175121
000000175151
000000175277
000000175461
000000175539
000000175570
000000175672
000000175801
000000175867
000000175951
000000176278
000000176280
000000176282
000000176440
000000176442
000000176466
000000176495
000000176505
000000176765
000000176810
000000176918
000000177019
000000177060
000000177093
000000177149
000000177173
000000177604
000000177705
000000177817
000000177958
000000178078
000000178156
000000178171
000000178550
000000178754
000000178871
000000179070
000000179154
000000179187
000000179346
000000179563
000000179906
000000180362
000000180541
000000180563
000000180721
000000180771
000000181022
000000181518
000000181524
000000181595
000000182176
000000182217
000000182233
000000182398
000000182423
000000182500
000000182551
000000182624
000000182642
000000182734
000000182874
000000182895
000000183068
000000183123
000000183176
000000183293
000000183407
000000183517
000000183554
000000183597
000000183614
000000183809
000000183833
000000183835
000000183964
000000184211
000000184263
000000184313
000000184745
000000184822
000000184879
000000184905
000000184942
000000184945
000000184980
000000185210
000000185293
000000185358
000000185373
000000185464
000000185502
000000185555
000000185881
000000185941
000000186227
000000186298
000000186615
000000186797
000000186906
000000187119
000000187131
000000187240
000000187396
000000187469
000000187473
000000187495
000000187543
000000187609
000000187675
000000187855
000000187924
000000188165
000000188443
000000188696
000000188805
000000188847
000000188902
000000189017
000000189038
000000189063
000000189356
000000189493
000000189559
000000189735
000000189773
000000189814
000000189882
000000189885
000000190022
000000190064
000000190117
000000190150
000000190406
000000190513
000000190515
000000190556
000000190603
000000190664
000000190680
000000190845
000000191047
000000191173
000000191230
000000191321
000000191325
000000191376
000000191847
000000191995
000000192077
000000192335
000000192529
000000192591
000000192620
000000192701
000000192714
000000192723
000000192774
000000192796
000000192886
000000192998
000000193166
000000193243
000000193261
000000193424
000000193479
000000193867
000000194331
000000194365
000000194598
000000194676
000000195225
000000195294
000000195556
000000195685
000000195797
000000195810
000000196046
000000196131
000000196245
000000196490
000000196777
000000196948
000000197057
000000197130
000000197237
000000197384
000000197424
000000197683
000000197705
000000197716
000000197851
000000198001
000000198072
000000198139
000000198162
000000198319
000000198352
000000198424
000000198434
000000198477
000000198558
000000198590
000000198600
000000198704
000000198751
000000198775
000000198972
000000198974
000000198975
000000199127
000000199165
000000199339
000000199492
000000199534
000000199578
000000199683
000000199743
000000199951
000000199956
000000200200
000000200212
000000200274
000000200401
000000200447
000000200659
000000200739
000000200749
000000200788
000000201019
000000201126
000000201260
000000201409
000000201508
000000201555
000000201670
000000201859
000000201887
000000201903
000000202040
000000202041
000000202112
000000202410
000000202523
000000202645
000000203062
000000203124
000000203257
000000203458
000000203478
000000203614
000000203711
000000203765
000000203865
000000203870
000000204206
000000204217
000000204380
000000204556
000000204682
000000204749
000000204887
000000204906
000000205078
000000205150
000000205181
000000205247
000000205270
000000205300
000000205392
000000205634
000000205656
000000205781
000000205851
000000206176
000000206256
000000206391
000000206622
000000207455
000000207491
000000207503
000000207513
000000207828
000000207941
000000208163
000000208243
000000208288
000000208357
000000208413
000000208450
000000208824
000000208927
000000209125
000000209147
000000209176
000000209405
000000209534
000000209643
000000209692
000000209720
000000209772
000000209788
000000209901
000000209906
000000210050
000000210052
000000210134
000000210221
000000210450
000000210580
000000210861
000000210932
000000211185
000000211189
000000211208
000000211246
000000211294
000000211351
000000211384
000000211386
000000211431
000000211508
000000211675
000000211830
000000211935
000000211963
000000212011
000000212112
000000212288
000000212322
000000212346
000000212429
000000212445
000000212507
000000212558
000000212636
000000212648
000000212782
000000212856
000000212941
000000213039
000000213095
000000213124
000000213475
000000213687
000000213728
000000213731
000000213780
000000213932
000000214106
000000214255
000000214295
000000214369
000000214413
000000214450
000000214698
000000214732
000000214777
000000214870
000000215124
000000215149
000000215201
000000215287
000000215456
000000215481
000000215488
000000215586
000000215600
000000215867
000000216158
000000216191
000000216278
000000216319
000000216378
000000216579
000000216618
000000216686
000000216790
000000216840
000000216952
000000217156
000000217216
000000217241
000000217290
000000217302
000000217379
000000217395
000000217509
000000217592
000000217676
000000217825
000000217846
000000218026
000000218134
000000218208
000000218546
000000218635
000000218647
000000218648
000000218751
000000218830
000000219254
000000219261
000000219274
000000219544
000000219654
000000219756
000000219802
000000219905
000000220089
000000220106
000000220353
000000220390
000000220686
000000221165
000000221200
000000221241
000000221243
000000221257
000000221565
000000221833
000000221891
000000222047
000000222054
000000222191
000000222340
000000222608
000000222629
000000222703
000000222716
000000222724
000000222771
000000222928
000000222970
000000223091
000000223342
000000223481
000000223497
000000223836
000000223870
000000224005
000000224034
000000224053
000000224111
000000224483
000000224522
000000224548
000000224610
000000224688
000000224778
000000224790
000000225055
000000225177
000000225329
000000225392
000000225731
000000226065
000000226136
000000226148
000000226541
000000226599
000000226634
000000226705
000000226708
000000227069
000000227224
000000227231
000000227484
000000227552
000000227830
000000227969
000000228172
000000228306
000000228409
000000228411
000000228467
000000228477
000000228522
000000228539
000000228552
000000228558
000000228681
000000228714
000000228881
000000228989
000000229156
000000229317
000000229318
000000229327
000000229478
000000229500
000000229564
000000229867
000000230000
000000230141
000000230661
000000230893
000000230915
000000230945
000000231206
000000231338
000000231368
000000231460
000000231488
000000231617
000000231889
000000232031
000000232047
000000232161
000000232181
000000232262
000000232263
000000232329
000000232551
000000232675
000000232762
000000232900
000000232949
000000233017
000000233164
000000233292
000000233351
000000233453
000000233477
000000233491
000000233527
000000233711
000000233748
000000233977
000000234046
000000234182
000000234197
000000234516
000000234717
000000234963
000000234965
000000234967
000000235000
000000235187
000000235281
000000235380
000000235481
000000235600
000000235802
000000235809
000000235870
000000235871
000000235905
000000235919
000000236000
000000236010
000000236138
000000236161
000000236174
000000236224
000000236332
000000236381
000000236457
000000236593
000000236674
000000236717
000000236769
000000237000
000000237111
000000237186
000000237201
000000237207
000000237324
000000237326
000000237390
000000237445
000000237495
000000237611
000000237626
000000237685
000000237699
000000237825
000000237894
000000237941
000000238147
000000238178
000000238459
000000238808
000000238836
000000238902
000000239457
000000239492
000000239509
000000239611
000000239697
000000239803
000000239915
000000239988
000000239997
000000240210
000000240263
000000240298
000000240340
000000240423
000000240586
000000240589
000000240615
000000240648
000000240802
000000240847
000000240951
000000240955
000000240976
000000241010
000000241076
000000241141
000000241221
000000241281
000000241407
000000241517
000000241534
000000241611
000000241622
000000241797
000000241955
000000241963
000000242029
000000242034
000000242089
000000242139
000000242458
000000242673
000000242721
000000242762
000000242979
000000243156
000000243717
000000244005
000000244135
000000244213
000000244344
000000244349
000000244365
000000244442
000000244451
000000244455
000000244539
000000244715
000000244721
000000244870
000000245426
000000245481
000000245551
000000245638
000000246625
000000246650
000000246717
000000246750
000000246759
000000246848
000000247052
000000247369
000000247714
000000248087
000000248129
000000248163
000000248280
000000248360
000000248396
000000248488
000000248565
000000248771
000000248818
000000248834
000000248836
000000249132
000000249158
000000249273
000000249291
000000249301
000000249309
000000249363
000000249621
000000249658
000000249670
000000249688
000000249804
000000249813
000000250008
000000250195
000000250268
000000250278
000000250417
000000250440
000000250677
000000250737
000000250808
000000250809
000000250834
000000251036
000000251084
000000251181
000000251206
000000251230
000000251425
000000251487
000000251785
000000252133
000000252201
000000252544
000000252639
000000252811
000000252839
000000252911
000000252970
000000253032
000000253036
000000253054
000000253217
000000253323
000000253332
000000253416
000000253447
000000253480
000000253506
000000253515
000000253924
000000254179
000000254296
000000254301
000000254493
000000254536
000000254653
000000254706
000000254714
000000254864
000000254884
000000255004
000000255026
000000255036
000000255214
000000255337
000000255362
000000255495
000000255714
000000255769
000000255808
000000255904
000000255975
000000256141
000000256220
000000256549
000000256560
000000256565
000000256576
000000256607
000000256778
000000256785
000000256833
000000257013
000000257243
000000257270
000000257382
000000257920
000000258021
000000258174
000000258291
000000258352
000000258395
000000258476
000000258552
000000258559
000000258674
000000258792
000000258794
000000258856
000000259044
000000259093
000000259153
000000259265
000000259452
000000259638
000000259715
000000260048
000000260199
000000260275
000000260409
000000260433
000000260447
000000260716
000000260729
000000260826
000000261316
000000261746
000000262415
000000262442
000000262471
000000262477
000000262505
000000262550
000000262670
000000262747
000000262851
000000262937
000000262987
000000263031
000000263454
000000263479
000000263664
000000263759
000000263762
000000263770
000000263834
000000263883
000000263995
000000264121
000000264151
000000264214
000000264256
000000264718
000000264806
000000264961
000000265069
000000265115
000000265168
000000265233
000000265243
000000265333
000000265378
000000265557
000000265799
000000266136
000000266334
000000266363
000000266569
000000266618
000000266680
000000266914
000000267064
000000267112
000000267224
000000267225
000000267259
000000267372
000000267463
000000267604
000000267734
000000267762
000000267861
000000267862
000000267927
000000268065
000000268268
000000268468
000000268577
000000268592
000000268694
000000268711
000000268725
000000269099
000000269109
000000269160
000000269282
000000269462
000000269502
000000269873
000000269890
000000269922
000000269926
000000270035
000000270189
000000270211
000000270269
000000270497
000000270574
000000270583
000000270612
000000270790
000000270893
000000270912
000000271006
000000271248
000000271360
000000271395
000000271441
000000271464
000000271565
000000271592
000000271666
000000271917
000000271949
000000272015
000000272040
000000272194
000000272384
000000272430
000000272463
000000272648
000000272807
000000272832
000000272859
000000272925
000000272957
000000273245
000000273314
000000273503
000000274012
000000274034
000000274083
000000274196
000000274341
000000274376
000000274474
000000274490
000000274516
000000274526
000000274574
000000274585
000000274593
000000274629
000000274655
000000274786
000000274931
000000274947
000000275027
000000275037
000000275441
000000275492
000000275532
000000275544
000000275604
000000275631
000000275758
000000275771
000000275830
000000275835
000000275870
000000276009
000000276063
000000276076
000000276125
000000276545
000000276565
000000276585
000000276597
000000276703
000000276766
000000276848
000000276975
000000277048
000000277215
000000277331
000000277341
000000277472
000000277521
000000277530
000000277542
000000277594
000000277869
000000278161
000000278222
000000278237
000000278509
000000278535
000000278731
000000278823
000000278934
000000279034
000000279119
000000279140
000000279222
000000279264
000000279708
000000279804
000000279849
000000279850
000000280199
000000280224
000000280484
000000280778
000000280883
000000280971
000000280995
000000281052
000000281133
000000281317
000000281397
000000281595
000000281676
000000281721
000000281994
000000282097
000000282115
000000282130
000000282131
000000282220
000000282343
000000282366
000000282372
000000282574
000000282624
000000282776
000000282789
000000282940
000000283054
000000283277
000000283278
000000283323
000000283350
000000283393
000000283679
000000283700
000000283820
000000283913
000000283945
000000284018
000000284160
000000284310
000000284454
000000284510
000000284771
000000284925
000000284930
000000285131
000000285149
000000285235
000000285260
000000285299
000000285603
000000285649
000000285679
000000286010
000000286144
000000286190
000000286388
000000286411
000000286556
000000286654
000000286998
000000287173
000000287186
000000287245
000000287337
000000287396
000000287474
000000287535
000000287967
000000287974
000000288015
000000288025
000000288054
000000288259
000000288262
000000288310
000000288416
000000288472
000000288547
000000288578
000000288603
000000288739
000000288824
000000288828
000000288880
000000289005
000000289204
000000289212
000000289326
000000289341
000000289591
000000289767
000000289895
000000289949
000000290026
000000290106
000000290170
000000290231
000000290259
000000290276
000000290560
000000290628
000000290856
000000291144
000000291320
000000291503
000000291538
000000291606
000000291658
000000291683
000000291841
000000291868
000000291930
000000292125
000000292136
000000292209
000000292243
000000292283
000000292346
000000292351
000000292451
000000292526
000000292678
000000292986
000000293271
000000293274
000000293277
000000293308
000000293393
000000293647
000000293668
000000293720
000000293756
000000293785
000000293860
000000293864
000000293906
000000293940
000000294002
000000294005
000000294053
000000294074
000000294134
000000294244
000000294491
000000294499
000000294813
000000294849
000000295055
000000295074
000000295358
000000295403
000000295505
000000295540
000000295556
000000295657
000000295683
000000295762
000000296038
000000296108
000000296344
000000296353
000000296462
000000296489
000000296540
000000296629
000000296693
000000296943
000000296988
000000297023
000000297046
000000297166
000000297200
000000297323
000000297544
000000297585
000000297631
000000297828
000000297921
000000297944
000000297956
000000297967
000000298147
000000298182
000000298203
000000298335
000000298614
000000298658
000000298906
000000299000
000000299044
000000299083
000000299343
000000299409
000000299442
000000299488
000000299493
000000299593
000000299769
000000299780
000000300032
000000300079
000000300209
000000300279
000000300303
000000300414
000000300428
000000300663
000000300690
000000300738
000000300754
000000300758
000000300943
000000300987
000000301156
000000301188
000000301218
000000301296
000000301373
000000301405
000000301432
000000301484
000000301574
000000301602
000000301769
000000301926
000000301937
000000302137
000000302200
000000302206
000000302318
000000302484
000000302588
000000302662
000000302687
000000302710
000000302713
000000302787
000000303016
000000303227
000000303236
000000303340
000000303436
000000303738
000000303872
000000303942
000000304011
000000304012
000000304044
000000304054
000000304067
000000304076
000000304079
000000304347
000000304382
000000304601
000000304693
000000304917
000000304949
000000305101
000000305327
000000305549
000000305746
000000306207
000000306230
000000306433
000000306435
000000306535
000000306693
000000307182
000000307194
000000307270
000000307272
000000307729
000000307835
000000307892
000000307949
000000308175
000000308195
000000308253
000000308433
000000308459
000000308621
000000308847
000000308889
000000308947
000000309114
000000309302
000000309536
000000309541
000000309615
000000309696
000000310042
000000310053
000000310103
000000310181
000000310473
000000310553
000000310607
000000310693
000000310695
000000310772
000000310851
000000310926
000000311011
000000311031
000000311080
000000311205
000000311564
000000311644
000000311914
000000311926
000000312003
000000312054
000000312153
000000312218
000000312292
000000312341
000000312343
000000312384
000000312540
000000312559
000000312803
000000312825
000000312870
000000313131
000000313720
000000314095
000000314189
000000314257
000000314279
000000314313
000000314439
000000314572
000000314671
000000314816
000000314836
000000314964
000000315072
000000315128
000000315173
000000315209
000000315404
000000315425
000000315434
000000315448
000000315491
000000315508
000000315601
000000315621
000000315769
000000315827
000000315868
000000315873
000000315997
000000316106
000000316138
000000316140
000000316155
000000316275
000000316332
000000316471
000000316499
000000316522
000000316777
000000316993
000000317036
000000317244
000000317254
000000317320
000000317424
000000317622
000000317768
000000317816
000000317969
000000318107
000000318122
000000318180
000000318247
000000318261
000000318483
000000318845
000000319053
000000319227
000000319345
000000319487
000000319649
000000319676
000000319693
000000319855
000000319899
000000320112
000000320171
000000320314
000000320374
000000320508
000000320901
000000320926
000000320979
000000321024
000000321185
000000321195
000000321307
000000321516
000000321642
000000321709
000000321711
000000321742
000000321970
000000322089
000000322249
000000322253
000000322285
000000322337
000000322449
000000322560
000000322604
000000322785
000000322795
000000322922
000000322969
000000323020
000000323116
000000323149
000000323476
000000323478
000000323479
000000323695
000000323737
000000323813
000000324321
000000324413
000000324455
000000324537
000000324689
000000324852
000000324901
000000325175
000000325302
000000325366
000000325418
000000325557
000000325569
000000325720
000000325850
000000326077
000000326143
000000326168
000000326317
000000326428
000000326685
000000326689
000000326995
000000327070
000000327105
000000327258
000000327281
000000327318
000000327330
000000327383
000000327432
000000327448
000000327565
000000327713
000000327808
000000327841
000000327895
000000328088
000000328111
000000328119
000000328185
000000328223
000000328271
000000328316
000000328350
000000328372
000000328473
000000328487
000000328494
000000328592
000000328662
000000328836
000000329148
000000329188
000000329217
000000329280
000000329337
000000329339
000000329379
000000329477
000000329900
000000329940
000000330041
000000330109
000000330455
000000330522
000000330572
000000330604
000000330649
000000330862
000000330915
000000331076
000000331093
000000331214
000000331447
000000331642
000000331688
000000332271
000000332296
000000332543
000000332545
000000332654
000000332655
000000332877
000000332931
000000333283
000000333654
000000333722
000000333746
000000333805
000000334276
000000334405
000000334675
000000334699
000000334743
000000334752
000000334975
000000335119
000000335241
000000335339
000000335363
000000335463
000000335521
000000335670
000000335784
000000335864
000000335902
000000335975
000000335986
000000336040
000000336445
000000336695
000000337087
000000337126
000000337384
000000337687
000000337711
000000337760
000000338078
000000338086
000000338105
000000338210
000000338246
000000338522
000000338549
000000338693
000000338745
000000338978
000000339054
000000339250
000000339312
000000339344
000000339361
000000339368
000000339403
000000339446
000000339536
000000339790
000000339793
000000339974
000000340096
000000340128
000000340226
000000340317
000000340386
000000340445
000000340491
000000340577
000000340647
000000340876
000000340903
000000340998
000000341013
000000341137
000000341385
000000341431
000000341503
000000341639
000000341736
000000341838
000000341922
000000342004
000000342075
000000342132
000000342323
000000342566
000000342583
000000342814
000000343059
000000343156
000000343256
000000343279
000000343325
000000343504
000000343692
000000343818
000000343898
000000344325
000000344422
000000344661
000000344669
000000344720
000000344762
000000344862
000000344930
000000344935
000000345084
000000345160
000000345207
000000345283
000000345498
000000345625
000000345667
000000345719
000000345786
000000345880
000000345952
000000346026
000000346111
000000346259
000000346344
000000346384
000000346472
000000346544
000000346562
000000346653
000000346716
000000346741
000000346817
000000346904
000000346926
000000347042
000000347101
000000347172
000000347313
000000347453
000000347535
000000347570
000000347660
000000347715
000000347768
000000347829
000000347878
000000347948
000000347976
000000348092
000000348475
000000348790
000000348793
000000348860
000000349310
000000349363
000000349410
000000349472
000000349474
000000349689
000000349841
000000349875
000000350013
000000350040
000000350063
000000350084
000000350309
000000350703
000000350889
000000351053
000000351091
000000351161
000000351191
000000351268
000000351359
000000351710
000000351841
000000352019
000000352310
000000352407
000000352410
000000352444
000000352476
000000352819
000000352828
000000352861
000000352899
000000352959
000000353091
000000353260
000000353358
000000353607
000000353748
000000353906
000000353907
000000353915
000000353931
000000354027
000000354131
000000354218
000000354229
000000354282
000000354368
000000354427
000000354718
000000354734
000000354819
000000354839
000000354853
000000354863
000000355441
000000355534
000000355611
000000355657
000000355668
000000355967
000000356060
000000356145
000000356396
000000356623
000000356845
000000357003
000000357017
000000357208
000000357289
000000357290
000000357493
000000357552
000000357578
000000357739
000000357790
000000357800
000000357930
000000357984
000000357994
000000358189
000000358266
000000358345
000000358391
000000358462
000000358580
000000358706
000000358707
000000358717
000000358817
000000358901
000000359030
000000359131
000000359277
000000359379
000000359394
000000359568
000000359595
000000359625
000000359626
000000359715
000000359904
000000359925
000000360071
000000360191
000000360342
000000360388
000000360397
000000360422
000000360449
000000360500
000000360528
000000360575
000000360747
000000361029
000000361073
000000361208
000000361386
000000361738
000000361947
000000361964
000000362067
000000362123
000000362309
000000362343
000000362555
000000362722
000000362739
000000362793
000000363165
000000363171
000000363224
000000363252
000000363607
000000363885
000000363927
000000364006
000000364028
000000364206
000000364234
000000364243
000000364312
000000364402
000000364561
000000364677
000000364919
000000364927
000000365041
000000365177
000000365444
000000365618
000000365677
000000365709
000000366081
000000366103
000000366111
000000366173
000000366282
000000366485
000000366517
000000366734
000000366792
000000366831
000000366907
000000367020
000000367029
000000367146
000000367335
000000367336
000000367409
000000367484
000000367584
000000367610
000000367724
000000367761
000000367788
000000367893
000000367919
000000367961
000000368205
000000368348
000000368515
000000368559
000000368626
000000368818
000000368825
000000368874
000000369191
000000369299
000000369470
000000369482
000000369576
000000369689
000000369763
000000369820
000000369823
000000369878
000000369997
000000370082
000000370095
000000370235
000000370260
000000370417
000000370448
000000370718
000000370739
000000370892
000000370922
000000370926
000000371005
000000371021
000000371260
000000371282
000000371382
000000371603
000000371758
000000372037
000000372127
000000372163
000000372212
000000372316
000000372536
000000372706
000000372885
000000373033
000000373128
000000373140
000000373212
000000373338
000000373341
000000373422
000000373439
000000373637
000000373653
000000373700
000000373731
000000373898
000000374171
000000374192
000000374241
000000374282
000000374357
000000374485
000000374487
000000374897
000000374977
000000374987
000000375053
000000375130
000000375200
000000375256
000000375311
000000375783
000000375801
000000376084
000000376263
000000376321
000000376492
000000376628
000000376677
000000376916
000000376921
000000376934
000000377226
000000377632
000000377709
000000377778
000000377809
000000377854
000000378030
000000378502
000000378583
000000378618
000000378727
000000378809
000000378821
000000378865
000000379052
000000379064
000000379070
000000379086
000000379144
000000379246
000000379340
000000379409
000000379464
000000379498
000000379578
000000379760
000000379766
000000380096
000000380304
000000380337
000000380539
000000380665
000000380729
000000380820
000000380868
000000380898
000000380959
000000381021
000000381163
000000381301
000000381463
000000381759
000000381811
000000381988
000000382005
000000382089
000000382154
000000382320
000000382482
000000382584
000000382631
000000382640
000000382688
000000382848
000000382890
000000382905
000000383158
000000383163
000000383432
000000383512
000000383525
000000383607
000000383645
000000383731
000000383777
000000383866
000000383917
000000384164
000000384167
000000384232
000000384263
000000384402
000000384659
000000384680
000000384698
000000384790
000000384849
000000384970
000000385037
000000385145
000000385346
000000385389
000000385540
000000385577
000000385604
000000385675
000000385757
000000385805
000000386032
000000386189
000000386326
000000386341
000000386514
000000386564
000000386581
000000386625
000000386645
000000386722
000000386762
000000386777
000000386908
000000386984
000000387082
000000387136
000000387150
000000387267
000000387512
000000387514
000000387515
000000387545
000000387595
000000387796
000000387924
000000388026
000000388177
000000388311
000000388347
000000388395
000000388410
000000388449
000000388539
000000388818
000000388820
000000388824
000000388923
000000388928
000000388935
000000389016
000000389021
000000389037
000000389134
000000389182
000000389183
000000389378
000000389630
000000389634
000000390000
000000390177
000000390288
000000390326
000000390552
000000390567
000000390569
000000390571
000000390723
000000390742
000000390817
000000391117
000000391161
000000391187
000000391397
000000391410
000000391415
000000391436
000000391543
000000391807
000000391828
000000391837
000000391887
000000391956
000000392060
000000392180
000000392315
000000392363
000000392392
000000392606
000000392843
000000392869
000000392887
000000392949
000000393029
000000393125
000000393266
000000393288
000000393403
000000393641
000000393945
000000394139
000000394251
000000394596
000000394681
000000394776
000000394889
000000394970
000000395022
000000395101
000000395113
000000395204
000000395314
000000395382
000000395396
000000395397
000000395425
000000395752
000000395765
000000396080
000000396415
000000396536
000000396663
000000396727
000000396741
000000396835
000000396871
000000397117
000000397173
000000397207
000000397216
000000397378
000000397445
000000397479
000000397599
000000397628
000000397668
000000397892
000000398097
000000398119
000000398214
000000398382
000000398393
000000398527
000000398575
000000399195
000000399235
000000399252
000000399325
000000399330
000000399489
000000399512
000000399540
000000399703
000000399837
000000399864
000000399905
000000399998
000000400178
000000400189
000000400202
000000400247
000000400436
000000400593
000000400702
000000400734
000000400740
000000400853
000000400881
000000400887
000000400936
000000400940
000000400950
000000400968
000000401136
000000401229
000000401235
000000401312
000000401509
000000401610
000000401625
000000401688
000000401776
000000401778
000000401780
000000401847
000000401921
000000401951
000000402213
000000402298
000000402328
000000402373
000000402425
000000402818
000000402941
000000403064
000000403263
000000403294
000000403506
000000403542
000000403590
000000403773
000000403919
000000404221
000000404235
000000404385
000000404504
000000404620
000000404718
000000404983
000000405111
000000405330
000000405430
000000405456
000000405530
000000405620
000000405840
000000406024
000000406103
000000406142
000000406205
000000406253
000000406329
000000406451
000000406514
000000406560
000000406579
000000406595
000000406647
000000406841
000000406920
000000406933
000000406949
000000407378
000000407487
000000407585
000000407688
000000407992
000000408047
000000408144
000000408163
000000408243
000000408303
000000408475
000000408506
000000408515
000000408610
000000408621
000000408799
000000408840
000000408922
000000408950
000000409126
000000409138
000000409451
000000409668
000000409728
000000409921
000000409963
000000410114
000000410216
000000410522
000000410580
000000410817
000000410855
000000410995
000000411104
000000411108
000000411184
000000411201
000000411243
000000411253
000000411384
000000411399
000000411554
000000411674
000000411775
000000411851
000000411908
000000411937
000000412034
000000412220
000000412349
000000412537
000000412551
000000412616
000000412639
000000412676
000000412734
000000412757
000000412824
000000412972
000000413078
000000413172
000000413275
000000413277
000000413895
000000413975
000000414027
000000414106
000000414202
000000414477
000000414592
000000414659
000000414764
000000414848
000000414851
000000414882
000000414918
000000414984
000000415325
000000415408
000000415427
000000415475
000000415533
000000416385
000000416543
000000416586
000000416643
000000416816
000000416864
000000416901
000000417115
000000417248
000000417265
000000417299
000000417400
000000417528
000000417556
000000417607
000000417653
000000417818
000000417891
000000418047
000000418113
000000418219
000000418229
000000418257
000000418346
000000418435
000000418512
000000418701
000000418811
000000418873
000000418964
000000419089
000000419235
000000419364
000000419375
000000419383
000000419384
000000419477
000000419534
000000419632
000000419978
000000420276
000000420629
000000420658
000000420710
000000420827
000000421116
000000421254
000000421325
000000421370
000000421400
000000421432
000000421539
000000421777
000000421804
000000421915
000000422298
000000422469
000000422515
000000422563
000000422669
000000422870
000000423005
000000423025
000000423052
000000423454
000000423632
000000424091
000000424132
000000424301
000000424429
000000424464
000000424641
000000424705
000000424866
000000424927
000000424998
000000425131
000000425161
000000425280
000000425412
000000425447
000000425540
000000425644
000000425652
000000425773
000000425874
000000426209
000000426261
000000426519
000000426598
000000426758
000000426762
000000426857
000000426863
000000427041
000000427060
000000427069
000000427103
000000427618
000000427789
000000428065
000000428447
000000428769
000000428785
000000429042
000000429207
000000429266
000000429353
000000429658
000000429672
000000429710
000000429833
000000429844
000000430155
000000430467
000000430519
000000430546
000000430686
000000430690
000000430790
000000431012
000000431152
000000431184
000000431340
000000431357
000000431376
000000431400
000000431431
000000431570
000000431675
000000431686
000000431812
000000431984
000000432273
000000432307
000000432333
000000432363
000000432428
000000432593
000000432623
000000433124
000000433232
000000433233
000000433286
000000433297
000000433402
000000433413
000000433643
000000433892
000000433904
000000433941
000000433963
000000434467
000000434494
000000434549
000000434581
000000434587
000000434693
000000434850
000000434940
000000434990
000000435047
000000435163
000000435187
000000435460
000000435482
000000435681
000000435764
000000435839
000000435897
000000436162
000000436172
000000436300
000000436349
000000436387
000000436492
000000436558
000000436600
000000436607
000000436627
000000436653
000000436694
000000436799
000000437120
000000437226
000000437303
000000437353
000000437354
000000437423
000000437518
000000437522
000000437778
000000437859
000000437949
000000438171
000000438341
000000438663
000000438946
000000438964
000000439185
000000439306
000000439390
000000439482
000000439509
000000439615
000000439890
000000439946
000000440273
000000440298
000000440344
000000440586
000000440611
000000440715
000000440811
000000440891
000000441045
000000441203
000000441292
000000441841
000000442136
000000442220
000000442345
000000442549
000000442556
000000442600
000000442630
000000442667
000000442685
000000442701
000000442915
000000442962
000000443209
000000443351
000000443525
000000443589
000000443599
000000443641
000000443653
000000443671
000000443868
000000444037
000000444235
000000444415
000000444560
000000444571
000000444619
000000444735
000000445075
000000445080
000000445192
000000445216
000000445218
000000445220
000000445893
000000446460
000000446463
000000446481
000000446769
000000446861
000000446974
000000447074
000000447119
000000447150
000000447209
000000447297
000000447347
000000447379
000000447432
000000447471
000000447511
000000447569
000000447623
000000447688
000000447731
000000447795
000000447849
000000447983
000000448099
000000448220
000000448355
000000448626
000000448633
000000448868
000000448887
000000449004
000000449029
000000449031
000000449066
000000449152
000000449469
000000449573
000000449721
000000449847
000000449872
000000449889
000000449902
000000449944
000000450215
000000450223
000000450313
000000450404
000000450493
000000450526
000000450577
000000450581
000000450918
000000451211
000000451228
000000451496
000000451594
000000451972
000000452011
000000452167
000000452220
000000452621
000000452642
000000452831
000000453106
000000453221
000000453222
000000453313
000000453426
000000453427
000000453533
000000453605
000000453704
000000453799
000000453954
000000454039
000000454053
000000454078
000000454177
000000454253
000000454273
000000454382
000000454642
000000454680
000000454741
000000454745
000000454776
000000454789
000000454821
000000454940
000000455228
000000455261
000000455370
000000455610
000000455667
000000455808
000000455916
000000456042
000000456155
000000456344
000000456416
000000456453
000000456505
000000456611
000000456884
000000457114
000000457322
000000457348
000000457453
000000457948
000000458365
000000458390
000000458453
000000458613
000000458738
000000458856
000000458864
000000459117
000000459342
000000459543
000000459618
000000459706
000000459905
000000460042
000000460139
000000460143
000000460145
000000460470
000000460646
000000460880
000000460897
000000461510
000000461557
000000461588
000000461799
000000461805
000000461917
000000462057
000000462081
000000462505
000000462512
000000462562
000000462567
000000462954
000000463048
000000463406
000000463469
000000463615
000000463932
000000464006
000000464469
000000464842
000000464875
000000464895
000000464980
000000465174
000000465195
000000465266
000000465418
000000465424
000000465524
000000465537
000000465575
000000465692
000000466346
000000466652
000000466921
000000466939
000000466942
000000466949
000000467076
000000467092
000000467311
000000467466
000000467721
000000467778
000000467925
000000468159
000000468305
000000468313
000000468318
000000468405
000000468408
000000468493
000000468503
000000468508
000000468602
000000468722
000000468977
000000469139
000000469160
000000469556
000000469592
000000469658
000000469803
000000469921
000000470062
000000470189
000000470207
000000470292
000000470300
000000470516
000000470710
000000470720
000000470799
000000470988
000000471097
000000471107
000000471350
000000471507
000000471591
000000471625
000000471858
000000471868
000000471987
000000472041
000000472065
000000472089
000000472103
000000472130
000000472293
000000472387
000000472415
000000472501
000000472549
000000472666
000000472814
000000472896
000000472942
000000473044
000000473050
000000473070
000000473214
000000473326
000000473531
000000473665
000000473712
000000473741
000000473842
000000473891
000000473922
000000473936
000000474038
000000474067
000000474378
000000474419
000000474556
000000474614
000000474906
000000474964
000000475120
000000475232
000000475389
000000475441
000000475466
000000475529
000000475580
000000475626
000000475692
000000475769
000000475774
000000475882
000000476005
000000476061
000000476145
000000476160
000000476189
000000476269
000000476339
000000476443
000000476500
000000476681
000000476699
000000476754
000000476761
000000476773
000000476904
000000477301
000000477392
000000477470
000000477491
000000477516
000000477705
000000477800
000000477846
000000477852
000000477853
000000477858
000000477860
000000477878
000000478006
000000478032
000000478092
000000478142
000000478240
000000478380
000000478418
000000478736
000000478785
000000478857
000000478858
000000478868
000000479038
000000479372
000000479378
000000479427
000000479591
000000479697
000000479805
000000479815
000000479864
000000479949
000000479984
000000480064
000000480107
000000480225
000000480416
000000480452
000000480643
000000480661
000000480728
000000480752
000000481209
000000481550
000000481571
000000481634
000000481772
000000482024
000000482049
000000482252
000000482300
000000482305
000000482371
000000482472
000000482505
000000482707
000000482928
000000483070
000000483107
000000483377
000000483534
000000483737
000000483751
000000483752
000000484019
000000484065
000000484158
000000484215
000000484301
000000484327
000000484341
000000484450
000000484620
000000484723
000000484929
000000485064
000000485193
000000485614
000000485680
000000485683
000000485858
000000485913
000000486045
000000486123
000000486350
000000486388
000000486730
000000487036
000000487058
000000487059
000000487064
000000487076
000000487131
000000487167
000000487181
000000487217
000000487260
000000487428
000000487568
000000487631
000000487655
000000487688
000000487692
000000487783
000000487834
000000487942
000000488011
000000488207
000000488403
000000488406
000000488567
000000488788
000000488943
000000489358
000000489385
000000489482
000000489554
000000489608
000000489649
000000489695
000000489721
000000489838
000000489900
000000489967
000000490008
000000490112
000000490221
000000490318
000000490491
000000490546
000000490582
000000490670
000000490794
000000490959
000000490978
000000491274
000000491290
000000491336
000000491440
000000491526
000000491830
000000491833
000000491942
000000491959
000000491965
000000491991
000000492060
000000492123
000000492156
000000492244
000000492267
000000492386
000000492540
000000492684
000000492897
000000493117
000000493477
000000493695
000000493717
000000493760
000000493774
000000493806
000000493828
000000493840
000000494041
000000494393
000000494466
000000494571
000000494749
000000495013
000000495040
000000495059
000000495310
000000495403
000000495570
000000495641
000000495752
000000495947
000000496045
000000496059
000000496192
000000496207
000000496269
000000496274
000000496313
000000496362
000000496401
000000496440
000000496680
000000496683
000000496740
000000496813
000000496874
000000497021
000000497127
000000497158
000000497274
000000497348
000000497604
000000497608
000000497664
000000497791
000000498274
000000498438
000000498615
000000498687
000000498758
000000499164
000000499193
000000499357
000000499360
000000499388
000000499428
000000499693
000000499719
000000499725
000000499749
000000499786
000000499802
000000499835
000000499871
000000499932
000000499950
000000500032
000000500139
000000500165
000000500317
000000500525
000000500575
000000500650
000000500900
000000501028
000000501059
000000501153
000000501315
000000501379
000000501441
000000501710
000000501801
000000501842
000000501867
000000501972
000000502153
000000502248
000000502317
000000502397
000000502593
000000502738
000000502863
000000503008
000000503059
000000503061
000000503104
000000503108
000000503197
000000503232
000000503238
000000503277
000000503401
000000503404
000000503536
000000503538
000000503674
000000503707
000000503790
000000503814
000000503837
000000504021
000000504023
000000504093
000000504103
000000504130
000000504342
000000504425
000000504494
000000505162
000000505343
000000505388
000000505579
000000505595
000000505666
000000505831
000000506034
000000506062
000000506335
000000506372
000000506394
000000506471
000000506489
000000506545
000000506568
000000506901
000000507091
000000507520
000000507580
000000507739
000000507833
000000507921
000000507937
000000508140
000000508165
000000508191
000000508207
000000508252
000000508292
000000508302
000000508557
000000508565
000000508606
000000508761
000000508913
000000508938
000000508939
000000508985
000000509217
000000509218
000000509321
000000509350
000000509394
000000509493
000000509503
000000509657
000000509675
000000509772
000000509859
000000509899
000000510169
000000510304
000000510314
000000510358
000000510525
000000510617
000000510665
000000510719
000000510842
000000510899
000000510949
000000510997
000000511002
000000511075
000000511145
000000511301
000000511373
000000511583
000000511642
000000512023
000000512060
000000512152
000000512258
000000512459
000000512644
000000512696
000000512923
000000512924
000000512983
000000513298
000000513361
000000513447
000000513646
000000513657
000000513690
000000513729
000000513867
000000514016
000000514139
000000514191
000000514248
000000514249
000000514318
000000514454
000000514563
000000514801
000000514939
000000515309
000000515376
000000515457
000000515701
000000515853
000000515876
000000516012
000000516167
000000516185
000000516281
000000516344
000000516372
000000516505
000000516945
000000517579
000000517674
000000517830
000000517835
000000517920
000000517959
000000518341
000000518355
000000518416
000000518438
000000518462
000000518667
000000518850
000000518853
000000519035
000000519053
000000519088
000000519347
000000519361
000000519365
000000519554
000000519676
000000519691
000000519784
000000519836
000000519985
000000520043
000000520326
000000520342
000000520515
000000521059
000000521210
000000521632
000000521711
000000521847
000000521849
000000522015
000000522150
000000522262
000000522391
000000522406
000000522411
000000522491
000000522708
000000522959
000000523002
000000523034
000000523195
000000523196
000000523224
000000523344
000000523371
000000523454
000000523597
000000523700
000000523711
000000523953
000000523988
000000524068
000000524140
000000524216
000000524338
000000524366
000000524520
000000524533
000000524676
000000524679
000000524773
000000524887
000000525021
000000525050
000000525208
000000525248
000000525340
000000525510
000000525539
000000525542
000000525971
000000526008
000000526071
000000526079
000000526301
000000526514
000000526701
000000526840
000000527012
000000527082
000000527118
000000527134
000000527587
000000527830
000000527962
000000528136
000000528198
000000528243
000000528566
000000528796
000000528903
000000528906
000000528962
000000529004
000000529409
000000529597
000000529698
000000529787
000000529813
000000529840
000000529842
000000529952
000000530433
000000530551
000000530560
000000530690
000000530919
000000530941
000000530952
000000531033
000000531146
000000531172
000000531224
000000531256
000000531283
000000531329
000000531349
000000531657
000000531796
000000531844
000000532015
000000532030
000000532085
000000532107
000000532159
000000532178
000000532304
000000532482
000000532671
000000532768
000000533107
000000533217
000000533408
000000533434
000000533603
000000533682
000000533739
000000533799
000000533807
000000533827
000000533889
000000533998
000000534016
000000534036
000000534331
000000534426
000000534579
000000534723
000000534756
000000534791
000000534849
000000534926
000000535113
000000535143
000000535389
000000535519
000000535588
000000535592
000000535753
000000535950
000000536109
000000536145
000000536201
000000536265
000000536280
000000536365
000000536426
000000536663
000000536781
000000536795
000000536798
000000537005
000000537206
000000537232
000000537258
000000537470
000000537501
000000537526
000000537548
000000537772
000000537879
000000537925
000000538198
000000538250
000000538420
000000538653
000000538687
000000538690
000000538857
000000539242
000000539358
000000539406
000000539436
000000539498
000000539509
000000539716
000000539746
000000539784
000000539789
000000539848
000000539975
000000539977
000000540180
000000540187
000000540245
000000540404
000000540682
000000540806
000000540860
000000540869
000000540899
000000541132
000000541134
000000541171
000000541251
000000541506
000000541596
000000541709
000000541832
000000542079
000000542183
000000542301
000000542499
000000542541
000000542587
000000542778
000000542803
000000543026
000000543062
000000543112
000000543166
000000543215
000000543275
000000543332
000000543393
000000543407
000000543444
000000543466
000000543622
000000544272
000000544533
000000544577
000000544732
000000544921
000000545000
000000545082
000000545128
000000545138
000000545191
000000545394
000000545447
000000545676
000000545781
000000545850
000000545877
000000545953
000000546046
000000546074
000000546085
000000546117
000000546279
000000546388
000000546597
000000546708
000000546739
000000546965
000000547148
000000547202
000000547280
000000547309
000000547345
000000547422
000000547449
000000547533
000000547744
000000547745
000000547839
000000547845
000000547846
000000548126
000000548153
000000548183
000000548253
000000548662
000000548731
000000548824
000000548879
000000549048
000000549119
000000549568
000000549744
000000549773
000000549784
000000549898
000000549943
000000550007
000000550019
000000550534
000000550543
000000550805
000000550874
000000551018
000000551050
000000551197
000000551341
000000551446
000000551472
000000551517
000000551571
000000551647
000000551679
000000551842
000000551900
000000551952
000000552032
000000552093
000000552198
000000552305
000000552432
000000552721
000000552886
000000553043
000000553271
000000553428
000000553534
000000553659
000000553735
000000553793
000000553851
000000553998
000000554010
000000554114
000000554215
000000554436
000000554453
000000554636
000000554740
000000554756
000000554828
000000554992
000000555034
000000555109
000000555120
000000555237
000000555254
000000555309
000000555355
000000555390
000000555475
000000555506
000000555549
000000555648
000000555722
000000555763
000000555942
000000555982
000000556003
000000556012
000000556089
000000556154
000000556278
000000556409
000000556472
000000556616
000000556666
000000556771
000000556969
000000557016
000000557023
000000557084
000000557183
000000557272
000000557335
000000557552
000000557771
000000557843
000000557923
000000558124
000000558253
000000558318
000000558387
000000558539
000000558542
000000558567
000000558587
000000558596
000000558639
000000559040
000000559113
000000559166
000000559171
000000559186
000000559252
000000559614
000000559754
000000559755
000000559884
000000559902
000000559974
000000560046
000000560055
000000560389
000000560440
000000560513
000000560544
000000560552
000000560581
000000560594
000000560723
000000560910
000000561066
000000561177
000000561186
000000561214
000000561433
000000561442
000000561570
000000561647
000000561653
000000561701
000000561885
000000561917
000000562002
000000562106
000000562330
000000562356
000000562461
000000562519
000000562575
000000562592
000000562677
000000562678
000000562679
000000562708
000000562737
000000562817
000000562862
000000563040
000000563070
000000563511
000000563514
000000563542
000000563593
000000563658
000000563711
000000563734
000000563739
000000563947
000000563989
000000564069
000000564072
000000564088
000000564132
000000564493
000000564631
000000564682
000000564781
000000564803
000000564993
000000565031
000000565186
000000565194
000000565269
000000565286
000000565310
000000565387
000000565444
000000565500
000000565501
000000565716
000000565746
000000565938
000000566029
000000566038
000000566043
000000566126
000000566249
000000566261
000000566278
000000566387
000000566395
000000566587
000000566823
000000567013
000000567037
000000567118
000000567124
000000567318
000000567438
000000567644
000000567708
000000567847
000000567858
000000567976
000000568050
000000568107
000000568174
000000568216
000000568311
000000568432
000000568469
000000568554
000000568611
000000568647
000000568668
000000568687
000000568972
000000568984
000000569079
000000569505
000000569841
000000569850
000000569865
000000570111
000000570338
000000570486
000000570503
000000570516
000000570693
000000570719
000000570721
000000570807
000000570956
000000570978
000000571263
000000571548
000000571572
000000571658
000000571865
000000572171
000000572215
000000572308
000000572310
000000572427
000000572469
000000572604
000000572630
000000572724
000000572737
000000572767
000000572786
000000572791
000000572801
000000572804
000000572865
000000572889
000000572937
000000572980
000000573072
000000573191
000000573225
000000573284
000000573401
000000573700
000000573875
000000573954
000000573988
000000574037
000000574200
000000574211
000000574271
000000574280
000000574299
000000574665
000000574790
000000575008
000000575252
000000575260
000000575267
000000575623
000000575761
000000575904
000000576015
000000576158
000000576239
000000576449
000000576752
000000576871
000000576879
000000577024
000000577036
000000577096
000000577213
000000577223
000000577270
000000577343
000000577398
000000577632
000000577758
000000577787
000000577835
000000577866
000000578070
000000578092
000000578103
000000578233
000000578292
000000578703
000000578884
000000579000
000000579036
000000579232
000000579471
000000579487
000000579604
000000579614
000000579623
000000579729
000000579751
000000579752
000000579938
000000580041
000000580108
000000580345
000000580414
000000580461
000000580549
000000580586
000000580613
000000580704
000000580829
000000580850
000000580975
000000581031
000000581057
000000581189
000000581401
000000581458
000000581738
000000581881
000000581887
